RawFile: oneDExample_gaussian.raw
Resolution: 128 128 1
Format: FLOAT32
ByteOffset: 0
BasisVector1: 1 0 0
BasisVector2: 0 1 0
BasisVector3: 0 0 1
Offset: 0 0 0
WorldVector1: 1 0 0 0
WorldVector2: 0 1 0 0
WorldVector3: 0 0 1 0
WorldVector4: 0 0 0 1
DataRange: -0.2778458297252655 0.909277617931366
ValueRange: -0.2778458297252655 0.909277617931366
Unit: arb. unit.
SwizzleMask: rgba
Interpolation: Linear
Wrapping: Clamp Clamp Clamp
